# ----- Rotor performance tables for the Unifi50_ws10_rigid wind turbine ----- 
# ------------ Written on Oct-06-21 using the ROSCO toolbox ------------ 

# Pitch angle vector, 52 entries - x axis (matrix columns) (deg)
-1.0   -0.5   0.0   0.5   1.0   1.5   2.0   2.5   3.0   3.5   4.0   4.5   5.0   5.5   6.0   6.5   7.0   7.5   8.0   8.5   9.0   9.5   10.0   10.5   11.0   11.5   12.0   12.5   13.0   13.5   14.0   14.5   15.0   15.5   16.0   16.5   17.0   17.5   18.0   18.5   19.0   19.5   20.0   20.5   21.0   21.5   22.0   22.5   23.0   23.5   24.0   24.5   
# TSR vector, 28 entries - y axis (matrix rows) (-)
1.0    1.5    2.0    2.5    3.0    3.5    4.0    4.5    5.0    5.5    6.0    6.5    7.0    7.5    8.0    8.5    9.0    9.5    10.0    10.5    11.0    11.5    12.0    12.5    13.0    13.5    14.0    14.5    
# Wind speed vector - z axis (m/s)
10.0    

# Power coefficient

0.014713   0.015254   0.015793   0.016332   0.016870   0.017406   0.017943   0.018478   0.019014   0.019549   0.020084   0.020619   0.021154   0.021689   0.022225   0.022761   0.023298   0.023835   0.024374   0.024914   0.025456   0.025999   0.026544   0.027090   0.027639   0.028191   0.028744   0.029300   0.029859   0.030420   0.030983   0.031548   0.032115   0.032683   0.033253   0.033823   0.034392   0.034961   0.035528   0.036093   0.036655   0.037214   0.037768   0.038318   0.038863   0.039403   0.039936   0.040459   0.040973   0.041482   0.041989   0.042491   
0.028459   0.029662   0.030871   0.032087   0.033309   0.034539   0.035775   0.037018   0.038268   0.039523   0.040783   0.042048   0.043316   0.044585   0.045855   0.047124   0.048390   0.049652   0.050908   0.052159   0.053402   0.054638   0.055866   0.057083   0.058282   0.059462   0.060633   0.061798   0.062961   0.064124   0.065286   0.066447   0.067604   0.068764   0.069928   0.071087   0.072227   0.073339   0.074413   0.075437   0.076397   0.077282   0.078086   0.078803   0.079430   0.079963   0.080403   0.080749   0.081004   0.081171   0.081251   0.081247   
0.055860   0.058270   0.060668   0.063054   0.065424   0.067777   0.070114   0.072433   0.074733   0.076998   0.079213   0.081393   0.083552   0.085705   0.087859   0.090001   0.092145   0.094308   0.096504   0.098712   0.100909   0.103075   0.105183   0.107200   0.109100   0.110869   0.112493   0.113963   0.115273   0.116421   0.117405   0.118230   0.118898   0.119413   0.119779   0.119999   0.120076   0.120011   0.119803   0.119451   0.118951   0.118302   0.117499   0.116542   0.115427   0.114153   0.112718   0.111120   0.109360   0.107436   0.105351   0.103106   
0.100901   0.104497   0.108043   0.111574   0.115087   0.118595   0.122158   0.125811   0.129529   0.133271   0.136977   0.140576   0.144007   0.147234   0.150234   0.152986   0.155481   0.157715   0.159690   0.161411   0.162881   0.164105   0.165086   0.165830   0.166340   0.166618   0.166664   0.166478   0.166057   0.165398   0.164498   0.163352   0.161959   0.160314   0.158417   0.156266   0.153863   0.151210   0.148311   0.145172   0.141798   0.138196   0.134373   0.130340   0.126105   0.121677   0.117067   0.112282   0.107333   0.102226   0.096972   0.091578   
0.162230   0.168130   0.173969   0.179602   0.184944   0.189940   0.194557   0.198779   0.202602   0.206033   0.209078   0.211745   0.214037   0.215960   0.217516   0.218710   0.219544   0.220024   0.220149   0.219922   0.219341   0.218402   0.217102   0.215434   0.213396   0.210987   0.208209   0.205063   0.201558   0.197701   0.193503   0.188977   0.184135   0.178993   0.173565   0.167867   0.161913   0.155717   0.149293   0.142652   0.135807   0.128766   0.121540   0.114137   0.106567   0.098837   0.090956   0.082931   0.074770   0.066483   0.058077   0.049565   
0.242694   0.248628   0.253990   0.258795   0.263056   0.266782   0.269976   0.272640   0.274776   0.276391   0.277492   0.278086   0.278177   0.277765   0.276850   0.275431   0.273505   0.271071   0.268130   0.264688   0.260756   0.256347   0.251478   0.246167   0.240434   0.234298   0.227778   0.220894   0.213664   0.206106   0.198240   0.190082   0.181647   0.172950   0.164003   0.154815   0.145396   0.135754   0.125897   0.115832   0.105568   0.095110   0.084468   0.073647   0.062657   0.051508   0.040214   0.028793   0.017269   0.005673   -0.005962   -0.017603   
0.321674   0.325991   0.329588   0.332471   0.334646   0.336122   0.336909   0.337016   0.336452   0.335226   0.333345   0.330820   0.327663   0.323888   0.319513   0.314555   0.309033   0.302970   0.296385   0.289300   0.281735   0.273711   0.265246   0.256361   0.247074   0.237405   0.227372   0.216994   0.206285   0.195258   0.183924   0.172289   0.160363   0.148150   0.135660   0.122898   0.109870   0.096585   0.083048   0.069266   0.055248   0.041004   0.026551   0.011912   -0.002879   -0.017779   -0.032739   -0.047710   -0.062649   -0.077522   -0.092305   -0.106982   
0.388082   0.389827   0.390716   0.390782   0.390056   0.388568   0.386344   0.383405   0.379767   0.375447   0.370458   0.364812   0.358525   0.351612   0.344089   0.335974   0.327283   0.318035   0.308245   0.297932   0.287114   0.275811   0.264040   0.251823   0.239177   0.226117   0.212654   0.198796   0.184549   0.169920   0.154914   0.139538   0.123799   0.107702   0.091255   0.074462   0.057332   0.039872   0.022093   0.004015   -0.014328   -0.032888   -0.051603   -0.070402   -0.089217   -0.107993   -0.126688   -0.145275   -0.163735   -0.182053   -0.200213   -0.218197   
0.430925   0.430567   0.429425   0.427511   0.424829   0.421382   0.417168   0.412188   0.406441   0.399934   0.392674   0.384670   0.375936   0.366483   0.356327   0.345484   0.333972   0.321808   0.309015   0.295614   0.281628   0.267078   0.251983   0.236356   0.220203   0.203533   0.186350   0.168661   0.150474   0.131793   0.112625   0.092977   0.072855   0.052265   0.031214   0.009709   -0.012233   -0.034580   -0.057275   -0.080239   -0.103378   -0.126599   -0.149819   -0.172977   -0.196029   -0.218952   -0.241724   -0.264324   -0.286729   -0.308914   -0.330854   -0.352523   
0.450857   0.450851   0.449827   0.447784   0.444726   0.440653   0.435573   0.429495   0.422429   0.414390   0.405393   0.395458   0.384604   0.372853   0.360227   0.346753   0.332456   0.317366   0.301513   0.284922   0.267614   0.249603   0.230897   0.211504   0.191431   0.170688   0.149280   0.127214   0.104498   0.081139   0.057143   0.032515   0.007259   -0.018617   -0.045093   -0.072126   -0.099638   -0.127520   -0.155648   -0.183896   -0.212163   -0.240370   -0.268469   -0.296433   -0.324232   -0.351836   -0.379214   -0.406332   -0.433156   -0.459650   -0.485779   -0.511500   
0.455063   0.457328   0.458072   0.457258   0.454912   0.451093   0.445853   0.439238   0.431290   0.422049   0.411555   0.399844   0.386955   0.372927   0.357800   0.341614   0.324411   0.306229   0.287095   0.267028   0.246043   0.224149   0.201360   0.177685   0.153134   0.127715   0.101439   0.074313   0.046342   0.017530   -0.012118   -0.042599   -0.073896   -0.105964   -0.138714   -0.172012   -0.205697   -0.239608   -0.273605   -0.307581   -0.341469   -0.375231   -0.408831   -0.442227   -0.475378   -0.508240   -0.540767   -0.572913   -0.604632   -0.635872   -0.666570   -0.696644   
0.448755   0.453931   0.457371   0.458767   0.458005   0.455116   0.450225   0.443448   0.434880   0.424605   0.412698   0.399229   0.384262   0.367863   0.350095   0.331013   0.310665   0.289083   0.266291   0.242307   0.217151   0.190839   0.163386   0.134803   0.105105   0.074300   0.042395   0.009394   -0.024700   -0.059886   -0.096154   -0.133473   -0.171762   -0.210876   -0.250620   -0.290791   -0.331194   -0.371670   -0.412113   -0.452465   -0.492678   -0.532702   -0.572481   -0.611961   -0.651082   -0.689787   -0.728015   -0.765705   -0.802786   -0.839167   -0.874740   -0.909378   
0.437064   0.444195   0.450114   0.454041   0.455437   0.454051   0.449923   0.443257   0.434232   0.422997   0.409676   0.394383   0.377222   0.358285   0.337652   0.315385   0.291526   0.266113   0.239177   0.210745   0.180841   0.149485   0.116696   0.082488   0.046871   0.009851   -0.028569   -0.068388   -0.109604   -0.152202   -0.196133   -0.241272   -0.287414   -0.334311   -0.381710   -0.429378   -0.477135   -0.524874   -0.572529   -0.620040   -0.667337   -0.714351   -0.761009   -0.807238   -0.852963   -0.898110   -0.942597   -0.986331   -1.029195   -1.071053   -1.111744   -1.151088   
0.422736   0.431070   0.438650   0.444651   0.448221   0.448676   0.445668   0.439331   0.429953   0.417772   0.402981   0.385748   0.366214   0.344493   0.320674   0.294825   0.267002   0.237252   0.205617   0.172131   0.136823   0.099718   0.060833   0.020179   -0.022239   -0.066418   -0.112356   -0.160049   -0.209480   -0.260580   -0.313185   -0.367032   -0.421813   -0.477224   -0.532981   -0.588877   -0.644788   -0.700638   -0.756346   -0.811826   -0.866988   -0.921743   -0.975999   -1.029663   -1.082640   -1.134831   -1.186118   -1.236361   -1.285395   -1.333025   -1.379038   -1.423319   
0.406191   0.415578   0.424378   0.431992   0.437339   0.439575   0.437918   0.432087   0.422419   0.409265   0.392902   0.373552   0.351392   0.326554   0.299146   0.269254   0.236952   0.202298   0.165342   0.126128   0.084686   0.041039   -0.004801   -0.052826   -0.103031   -0.155412   -0.209964   -0.266668   -0.325446   -0.386102   -0.448316   -0.511721   -0.575947   -0.640652   -0.705580   -0.770582   -0.835563   -0.900419   -0.965046   -1.029332   -1.093167   -1.156438   -1.219031   -1.280830   -1.341714   -1.401543   -1.460154   -1.517356   -1.572920   -1.626593   -1.678242   -1.727960   
0.387435   0.397943   0.407803   0.416749   0.423613   0.427319   0.426990   0.421799   0.411865   0.397667   0.379572   0.357860   0.332746   0.304395   0.272943   0.238496   0.201143   0.160958   0.117998   0.072309   0.023916   -0.027160   -0.080907   -0.137313   -0.196373   -0.258080   -0.322417   -0.389308   -0.458539   -0.529745   -0.602490   -0.676335   -0.750861   -0.825742   -0.900786   -0.975871   -1.050872   -1.125660   -1.200101   -1.274060   -1.347401   -1.419984   -1.491671   -1.562317   -1.631764   -1.699824   -1.766282   -1.830878   -1.893313   -1.953406   -2.011245   -2.067080   
0.366404   0.378182   0.389128   0.399189   0.407449   0.412397   0.413156   0.408638   0.398418   0.383048   0.362999   0.338620   0.310175   0.277872   0.241873   0.202307   0.159281   0.112879   0.063159   0.010162   -0.046081   -0.105549   -0.168224   -0.234095   -0.303153   -0.375383   -0.450723   -0.528966   -0.609715   -0.692466   -0.776700   -0.861913   -0.947681   -1.033740   -1.119933   -1.206111   -1.292118   -1.377794   -1.462976   -1.547501   -1.631204   -1.713918   -1.795476   -1.875696   -1.954370   -2.031260   -2.106081   -2.178489   -2.248219   -2.315314   -2.380039   -2.442781   
0.343044   0.356237   0.368382   0.379477   0.388983   0.395074   0.396654   0.392685   0.382107   0.365383   0.343110   0.315717   0.283528   0.246790   0.205696   0.160401   0.111022   0.057646   0.000332   -0.060871   -0.125928   -0.194813   -0.267506   -0.343994   -0.424263   -0.508269   -0.595840   -0.686574   -0.779909   -0.875239   -0.971964   -1.069545   -1.167603   -1.265929   -1.364343   -1.462661   -1.560692   -1.658244   -1.755124   -1.851136   -1.946086   -2.039776   -2.132002   -2.222536   -2.311116   -2.397440   -2.481130   -2.561814   -2.639430   -2.714234   -2.786621   -2.857277   
0.317290   0.332048   0.345504   0.357679   0.368267   0.375418   0.377633   0.373950   0.362888   0.344591   0.319789   0.289002   0.252616   0.210920   0.164140   0.112449   0.055970   -0.005203   -0.071000   -0.141364   -0.216256   -0.295645   -0.379509   -0.467834   -0.560589   -0.657656   -0.758673   -0.863040   -0.970068   -1.079054   -1.189332   -1.300370   -1.411859   -1.523585   -1.635328   -1.746867   -1.857975   -1.968426   -2.077993   -2.186447   -2.293558   -2.399094   -2.502806   -2.604413   -2.703592   -2.799952   -2.893028   -2.982580   -3.068798   -3.152077   -3.233056   -3.312987   
0.289059   0.305545   0.320421   0.333741   0.345315   0.353405   0.356102   0.352398   0.340679   0.320559   0.292893   0.258298   0.217223   0.170005   0.116896   0.058081   -0.006300   -0.076140   -0.151358   -0.231893   -0.317697   -0.408737   -0.504991   -0.606438   -0.713005   -0.824422   -0.940101   -1.059281   -1.181152   -1.304924   -1.429887   -1.555564   -1.681677   -1.807972   -1.934189   -2.060067   -2.185342   -2.309752   -2.433031   -2.554913   -2.675130   -2.793408   -2.909447   -3.022906   -3.133386   -3.240379   -3.343435   -3.442572   -3.538163   -3.630776   -3.721572   -3.812430   
0.258266   0.276640   0.293051   0.307566   0.320076   0.328963   0.331980   0.327977   0.315373   0.293152   0.262254   0.223402   0.177111   0.123759   0.063624   -0.003086   -0.076214   -0.155638   -0.241267   -0.333033   -0.430884   -0.534784   -0.644710   -0.760620   -0.882353   -1.009415   -1.141003   -1.276217   -1.414133   -1.553878   -1.694740   -1.836304   -1.978273   -2.120346   -2.262222   -2.403599   -2.544172   -2.683637   -2.821688   -2.958016   -3.092313   -3.224256   -3.353488   -3.479598   -3.602080   -3.720334   -3.834076   -3.943579   -4.049362   -4.152378   -4.254572   -4.358096   
0.224828   0.245230   0.263284   0.279034   0.292443   0.302002   0.305156   0.300609   0.286844   0.262215   0.227690   0.184097   0.132019   0.071876   0.003979   -0.071439   -0.154201   -0.244171   -0.341249   -0.445360   -0.556449   -0.674478   -0.799418   -0.931187   -1.069455   -1.213472   -1.362263   -1.514781   -1.669995   -1.826963   -1.985013   -2.143758   -2.302855   -2.461958   -2.620722   -2.778799   -2.935840   -3.091495   -3.245412   -3.397238   -3.546619   -3.693179   -3.836494   -3.976065   -4.111257   -4.241466   -4.366684   -4.487375   -4.604288   -4.719080   -4.834505   -4.952396   
0.188653   0.211206   0.230991   0.248017   0.262289   0.272418   0.275512   0.270189   0.254952   0.227582   0.189000   0.140146   0.081671   0.014044   -0.062387   -0.147364   -0.240688   -0.342213   -0.451828   -0.569451   -0.695026   -0.828512   -0.969866   -1.118921   -1.275108   -1.437436   -1.604766   -1.775909   -1.949729   -2.125238   -2.301825   -2.479086   -2.656629   -2.834060   -3.010983   -3.187003   -3.361721   -3.534739   -3.705653   -3.874062   -4.039564   -4.201720   -4.360030   -4.513883   -4.662514   -4.805458   -4.942992   -5.075749   -5.204943   -5.333201   -5.463805   -5.597806   
0.149648   0.174450   0.196037   0.214379   0.229485   0.240077   0.242920   0.236586   0.219547   0.189072   0.145971   0.091300   0.025787   -0.050048   -0.135821   -0.231244   -0.336103   -0.450236   -0.573524   -0.705880   -0.847244   -0.997574   -1.156796   -1.324592   -1.500110   -1.682151   -1.869405   -2.060547   -2.254335   -2.449768   -2.646288   -2.843448   -3.040802   -3.237902   -3.434301   -3.629549   -3.823194   -4.014783   -4.203859   -4.389972   -4.572662   -4.751421   -4.925658   -5.094620   -5.257466   -5.413999   -5.564734   -5.710543   -5.853434   -5.997112   -6.144861   -6.296898   
0.107735   0.134841   0.158292   0.177982   0.193893   0.204839   0.207249   0.199650   0.180464   0.146491   0.098380   0.037311   -0.035912   -0.120712   -0.216668   -0.323466   -0.440872   -0.568712   -0.706858   -0.855219   -1.013733   -1.182352   -1.360938   -1.548953   -1.745257   -1.948461   -2.157075   -2.369645   -2.584810   -2.801616   -3.019514   -3.238003   -3.456578   -3.674735   -3.891969   -4.107773   -4.321635   -4.533043   -4.741482   -4.946453   -5.147431   -5.343827   -5.534939   -5.719849   -5.897754   -6.068783   -6.233653   -6.393671   -6.551952   -6.713188   -6.880104   -7.052313   
0.062855   0.092271   0.117628   0.138685   0.155380   0.166566   0.168364   0.159220   0.137530   0.099641   0.046004   -0.022073   -0.103704   -0.198258   -0.305275   -0.424414   -0.555422   -0.698113   -0.852352   -1.018043   -1.195122   -1.383526   -1.583012   -1.792753   -2.011350   -2.237213   -2.468678   -2.704147   -2.942161   -3.181843   -3.422614   -3.663909   -3.905164   -4.145812   -4.385284   -4.623012   -4.858420   -5.090931   -5.319974   -5.544991   -5.765386   -5.980478   -6.189426   -6.391149   -6.585027   -6.771508   -6.951521   -7.127124   -7.302762   -7.483790   -7.672006   -7.866734   
0.015029   0.046639   0.073919   0.096351   0.113804   0.125115   0.126112   0.115128   0.090567   0.048321   -0.011382   -0.087102   -0.177868   -0.282995   -0.401984   -0.534468   -0.680176   -0.838908   -1.010522   -1.194920   -1.392037   -1.601775   -1.823728   -2.056744   -2.299187   -2.549257   -2.805116   -3.064995   -3.327399   -3.591511   -3.856697   -4.122325   -4.387765   -4.652382   -4.915541   -5.176603   -5.434927   -5.689864   -5.940786   -6.187073   -6.428045   -6.662915   -6.890669   -7.110114   -7.320945   -7.523877   -7.720152   -7.912958   -8.108162   -8.311259   -8.523058   -8.742813   
-0.035565   -0.002141   0.027043   0.050848   0.069025   0.080342   0.080332   0.067201   0.039394   -0.007672   -0.074002   -0.158023   -0.258681   -0.375233   -0.507142   -0.654013   -0.815557   -0.991565   -1.181887   -1.386422   -1.605102   -1.837769   -2.083789   -2.341676   -2.609570   -2.885443   -3.167286   -3.453138   -3.741535   -4.031681   -4.322875   -4.614411   -4.905587   -5.195697   -5.484033   -5.769884   -6.052532   -6.331257   -6.605372   -6.874185   -7.136923   -7.392672   -7.640215   -7.878360   -8.107172   -8.327596   -8.541419   -8.753288   -8.970451   -9.197945   -9.435771   -9.683079   


#  Thrust coefficient

0.127580   0.127311   0.127028   0.126731   0.126420   0.126095   0.125755   0.125401   0.125031   0.124646   0.124245   0.123828   0.123396   0.122947   0.122481   0.121999   0.121500   0.120985   0.120452   0.119901   0.119334   0.118748   0.118146   0.117525   0.116887   0.116230   0.115555   0.114861   0.114149   0.113418   0.112667   0.111896   0.111105   0.110294   0.109463   0.108610   0.107736   0.106842   0.105925   0.104987   0.104028   0.103048   0.102048   0.101028   0.099990   0.098934   0.097865   0.096786   0.095699   0.094605   0.093506   0.092407   
0.158177   0.157652   0.157109   0.156547   0.155965   0.155365   0.154745   0.154107   0.153450   0.152773   0.152078   0.151364   0.150631   0.149878   0.149106   0.148314   0.147503   0.146672   0.145823   0.144955   0.144070   0.143169   0.142252   0.141324   0.140389   0.139451   0.138508   0.137565   0.136622   0.135684   0.134753   0.133831   0.132919   0.132014   0.131112   0.130213   0.129317   0.128420   0.127515   0.126599   0.125669   0.124718   0.123743   0.122738   0.121701   0.120630   0.119526   0.118387   0.117214   0.116008   0.114771   0.113504   
0.197858   0.197052   0.196224   0.195375   0.194506   0.193620   0.192718   0.191803   0.190880   0.189956   0.189039   0.188133   0.187241   0.186367   0.185514   0.184691   0.183898   0.183131   0.182382   0.181652   0.180936   0.180226   0.179512   0.178786   0.178036   0.177245   0.176398   0.175482   0.174486   0.173403   0.172229   0.170961   0.169601   0.168151   0.166618   0.165005   0.163317   0.161559   0.159732   0.157835   0.155867   0.153824   0.151698   0.149482   0.147169   0.144752   0.142226   0.139587   0.136831   0.133956   0.130961   0.127845   
0.247610   0.246702   0.245834   0.245012   0.244247   0.243543   0.242896   0.242298   0.241746   0.241230   0.240742   0.240270   0.239794   0.239292   0.238735   0.238097   0.237352   0.236479   0.235460   0.234285   0.232948   0.231449   0.229793   0.227986   0.226036   0.223949   0.221729   0.219376   0.216887   0.214255   0.211474   0.208533   0.205424   0.202138   0.198671   0.195018   0.191176   0.187143   0.182922   0.178514   0.173922   0.169152   0.164207   0.159095   0.153820   0.148392   0.142817   0.137104   0.131263   0.125305   0.119241   0.113083   
0.312063   0.311833   0.311670   0.311554   0.311452   0.311323   0.311124   0.310812   0.310345   0.309687   0.308808   0.307689   0.306319   0.304693   0.302816   0.300694   0.298336   0.295748   0.292931   0.289881   0.286591   0.283052   0.279254   0.275186   0.270840   0.266211   0.261295   0.256092   0.250606   0.244843   0.238808   0.232509   0.225956   0.219159   0.212128   0.204874   0.197412   0.189754   0.181914   0.173907   0.165748   0.157454   0.149040   0.140521   0.131915   0.123238   0.114504   0.105729   0.096930   0.088120   0.079315   0.070529   
0.395557   0.395716   0.395636   0.395264   0.394555   0.393480   0.392021   0.390170   0.387930   0.385309   0.382313   0.378947   0.375211   0.371102   0.366615   0.361741   0.356472   0.350802   0.344729   0.338252   0.331378   0.324114   0.316470   0.308462   0.300102   0.291409   0.282398   0.273089   0.263499   0.253648   0.243556   0.233241   0.222722   0.212021   0.201155   0.190144   0.179007   0.167765   0.156434   0.145034   0.133583   0.122099   0.110599   0.099103   0.087627   0.076188   0.064804   0.053490   0.042261   0.031128   0.020105   0.009201   
0.492453   0.490839   0.488646   0.485876   0.482540   0.478649   0.474213   0.469239   0.463732   0.457695   0.451126   0.444023   0.436387   0.428225   0.419547   0.410367   0.400705   0.390582   0.380021   0.369046   0.357682   0.345954   0.333886   0.321502   0.308826   0.295882   0.282691   0.269276   0.255658   0.241858   0.227899   0.213800   0.199584   0.185272   0.170884   0.156441   0.141964   0.127473   0.112990   0.098535   0.084128   0.069791   0.055544   0.041404   0.027389   0.013515   -0.000206   -0.013761   -0.027138   -0.040324   -0.053309   -0.066079   
0.589577   0.584267   0.578235   0.571497   0.564070   0.555966   0.547197   0.537775   0.527716   0.517039   0.505769   0.493931   0.481552   0.468663   0.455291   0.441467   0.427218   0.412572   0.397556   0.382194   0.366511   0.350532   0.334279   0.317775   0.301043   0.284106   0.266987   0.249709   0.232295   0.214769   0.197155   0.179476   0.161755   0.144017   0.126286   0.108585   0.090939   0.073373   0.055911   0.038577   0.021392   0.004377   -0.012452   -0.029077   -0.045485   -0.061661   -0.077590   -0.093258   -0.108650   -0.123750   -0.138546   -0.153025   
0.675148   0.665173   0.654439   0.642972   0.630800   0.617951   0.604453   0.590332   0.575617   0.560336   0.544517   0.528188   0.511376   0.494106   0.476405   0.458297   0.439807   0.420959   0.401778   0.382287   0.362512   0.342475   0.322204   0.301721   0.281054   0.260228   0.239270   0.218207   0.197067   0.175876   0.154662   0.133453   0.112277   0.091163   0.070141   0.049238   0.028485   0.007907   -0.012470   -0.032624   -0.052534   -0.072183   -0.091553   -0.110627   -0.129387   -0.147815   -0.165892   -0.183602   -0.200930   -0.217863   -0.234389   -0.250498   
0.742487   0.728463   0.713687   0.698185   0.681985   0.665110   0.647587   0.629440   0.610697   0.591383   0.571524   0.551146   0.530278   0.508944   0.487172   0.464988   0.442420   0.419495   0.396240   0.372684   0.348854   0.324780   0.300493   0.276024   0.251403   0.226662   0.201834   0.176950   0.152043   0.127146   0.102294   0.077519   0.052856   0.028340   0.004005   -0.020117   -0.043995   -0.067605   -0.090920   -0.113921   -0.136586   -0.158893   -0.180821   -0.202347   -0.223450   -0.244113   -0.264317   -0.284049   -0.303297   -0.322047   -0.340289   -0.357997   
0.793451   0.776947   0.759528   0.741180   0.721933   0.701844   0.680962   0.659332   0.636998   0.613998   0.590370   0.566152   0.541378   0.516084   0.490305   0.464075   0.437428   0.410400   0.383026   0.355342   0.327384   0.299190   0.270798   0.242246   0.213571   0.184812   0.156008   0.127199   0.098425   0.069724   0.041139   0.012710   -0.015522   -0.043517   -0.071239   -0.098655   -0.125736   -0.152454   -0.178784   -0.204702   -0.230179   -0.255189   -0.279709   -0.303715   -0.327189   -0.350115   -0.372478   -0.394265   -0.415461   -0.436043   -0.455958   -0.475120   
0.833112   0.814917   0.795781   0.775486   0.753967   0.731260   0.707468   0.682690   0.657007   0.630488   0.603197   0.575192   0.546524   0.517247   0.487407   0.457054   0.426233   0.394992   0.363377   0.331435   0.299212   0.266755   0.234111   0.201326   0.168446   0.135520   0.102594   0.069715   0.036932   0.004292   -0.028155   -0.060360   -0.092279   -0.123869   -0.155093   -0.185917   -0.216311   -0.246243   -0.275682   -0.304597   -0.332956   -0.360735   -0.387911   -0.414465   -0.440377   -0.465634   -0.490221   -0.514117   -0.537277   -0.559612   -0.580999   -0.601285   
0.866589   0.846076   0.825199   0.803321   0.780043   0.755199   0.728837   0.701129   0.672226   0.642249   0.611302   0.579472   0.546842   0.513483   0.479465   0.444852   0.409708   0.374095   0.338072   0.301698   0.265032   0.228131   0.191052   0.153852   0.116587   0.079312   0.042086   0.004964   -0.031995   -0.068733   -0.105193   -0.141322   -0.177072   -0.212400   -0.247266   -0.281633   -0.315465   -0.348723   -0.381372   -0.413379   -0.444717   -0.475361   -0.505290   -0.534485   -0.562930   -0.590607   -0.617486   -0.643495   -0.668512   -0.692380   -0.714902   -0.735824   
0.897119   0.873565   0.850254   0.826471   0.801489   0.774792   0.746139   0.715659   0.683602   0.650166   0.615511   0.579769   0.543057   0.505475   0.467118   0.428074   0.388423   0.348246   0.307617   0.266610   0.225295   0.183743   0.142021   0.100199   0.058341   0.016517   -0.025207   -0.066762   -0.108078   -0.149088   -0.189731   -0.229950   -0.269694   -0.308918   -0.347577   -0.385629   -0.423028   -0.459734   -0.495713   -0.530933   -0.565369   -0.598998   -0.631797   -0.663747   -0.694829   -0.725001   -0.754167   -0.782175   -0.808839   -0.833915   -0.857085   -0.878036   
0.925786   0.898881   0.872620   0.846462   0.819443   0.790846   0.760083   0.726957   0.691774   0.654838   0.616387   0.576608   0.535661   0.493685   0.450803   0.407127   0.362762   0.317806   0.272350   0.226485   0.180296   0.133866   0.087276   0.040606   -0.006065   -0.052655   -0.099083   -0.145269   -0.191133   -0.236602   -0.281611   -0.326099   -0.370012   -0.413299   -0.455908   -0.497789   -0.538897   -0.579192   -0.618641   -0.657214   -0.694886   -0.731630   -0.767425   -0.802247   -0.836046   -0.868710   -0.900064   -0.929890   -0.957904   -0.983722   -1.006963   -1.027325   
0.953065   0.922662   0.893136   0.864223   0.834863   0.804085   0.771178   0.735503   0.697194   0.656690   0.614324   0.570357   0.525000   0.478434   0.430818   0.382292   0.332986   0.283017   0.232499   0.181538   0.130233   0.078683   0.026984   -0.024769   -0.076481   -0.128057   -0.179404   -0.230426   -0.281040   -0.331166   -0.380733   -0.429678   -0.477940   -0.525460   -0.572180   -0.618048   -0.663021   -0.707062   -0.750136   -0.792213   -0.833263   -0.873259   -0.912174   -0.949958   -0.986488   -1.021572   -1.054968   -1.086357   -1.115293   -1.141312   -1.164042   -1.183142   
0.979248   0.945242   0.912284   0.880274   0.848349   0.815128   0.779850   0.741647   0.700193   0.656028   0.609608   0.561279   0.511317   0.459950   0.407375   0.353765   0.299275   0.244049   0.188219   0.131908   0.075235   0.018316   -0.038737   -0.095813   -0.152801   -0.209590   -0.266072   -0.322146   -0.377718   -0.432705   -0.487031   -0.540625   -0.593419   -0.645346   -0.696348   -0.746375   -0.795385   -0.843338   -0.890197   -0.935929   -0.980501   -1.023880   -1.066021   -1.106806   -1.146028   -1.183426   -1.218661   -1.251239   -1.280597   -1.306273   -1.327853   -1.344916   
1.004553   0.966832   0.930329   0.894985   0.860241   0.824399   0.786487   0.745653   0.701016   0.653077   0.602445   0.549566   0.494788   0.438394   0.380622   0.321682   0.261758   0.201018   0.139615   0.077695   0.015396   -0.047148   -0.109805   -0.172448   -0.234949   -0.297180   -0.359023   -0.420367   -0.481114   -0.541172   -0.600459   -0.658897   -0.716409   -0.772928   -0.828396   -0.882764   -0.935987   -0.988021   -1.038826   -1.088363   -1.136595   -1.183480   -1.228916   -1.272694   -1.314542   -1.354108   -1.390879   -1.424195   -1.453469   -1.478210   -1.497907   -1.512142   
1.029144   0.987590   0.947424   0.908606   0.870774   0.832155   0.791406   0.747729   0.699847   0.648007   0.592990   0.535359   0.475543   0.413884   0.350669   0.286144   0.220524   0.154004   0.086763   0.018969   -0.049218   -0.117645   -0.186160   -0.254617   -0.322870   -0.390778   -0.458210   -0.525051   -0.591191   -0.656533   -0.720988   -0.784466   -0.846891   -0.908195   -0.968321   -1.027215   -1.084828   -1.141110   -1.196018   -1.249507   -1.301536   -1.352024   -1.400783   -1.447529   -1.491912   -1.533425   -1.571341   -1.604926   -1.633581   -1.656713   -1.673758   -1.684455   
1.053134   1.007635   0.963687   0.921273   0.880142   0.838575   0.794824   0.748050   0.696833   0.640949   0.581361   0.518764   0.453677   0.386508   0.317595   0.247221   0.175637   0.103068   0.029719   -0.044217   -0.118558   -0.193128   -0.267757   -0.342277   -0.416525   -0.490347   -0.563604   -0.636168   -0.707924   -0.778767   -0.848596   -0.917319   -0.984859   -1.051149   -1.116125   -1.179729   -1.241906   -1.302603   -1.361769   -1.419355   -1.475304   -1.529463   -1.581554   -1.631225   -1.678001   -1.721151   -1.759788   -1.793163   -1.820598   -1.841389   -1.855074   -1.861640   
1.076610   1.027054   0.979208   0.933080   0.888488   0.843792   0.796875   0.746775   0.692085   0.632002   0.567647   0.499862   0.429263   0.356331   0.281455   0.204964   0.127144   0.048253   -0.031477   -0.111825   -0.192587   -0.273564   -0.354564   -0.435398   -0.515887   -0.595865   -0.675182   -0.753701   -0.831298   -0.907857   -0.983272   -1.057450   -1.130313   -1.201788   -1.271807   -1.340305   -1.407220   -1.472494   -1.536072   -1.597898   -1.657870   -1.715742   -1.771163   -1.823690   -1.872648   -1.917069   -1.955996   -1.988639   -2.014187   -2.031934   -2.041656   -2.043584   
1.099638   1.045908   0.994055   0.944094   0.895904   0.847914   0.797653   0.744030   0.685696   0.621248   0.551918   0.478713   0.402355   0.323399   0.242293   0.159412   0.075082   -0.010408   -0.096792   -0.183826   -0.271278   -0.358926   -0.446555   -0.533957   -0.620936   -0.707314   -0.792929   -0.877636   -0.961300   -1.043794   -1.125012   -1.204861   -1.283254   -1.360115   -1.435367   -1.508939   -1.580764   -1.650779   -1.718920   -1.785118   -1.849194   -1.910812   -1.969550   -2.024816   -2.075676   -2.120982   -2.159749   -2.191081   -2.214065   -2.228149   -2.233394   -2.230256   
1.122258   1.064248   1.008277   0.954376   0.902457   0.851028   0.797239   0.739917   0.677739   0.608748   0.534229   0.455365   0.372992   0.287748   0.200140   0.110594   0.019477   -0.072888   -0.166203   -0.260197   -0.354609   -0.449195   -0.543714   -0.637939   -0.731658   -0.824682   -0.916836   -1.007964   -1.097921   -1.186575   -1.273817   -1.359550   -1.443682   -1.526126   -1.606801   -1.685628   -1.762535   -1.837450   -1.910306   -1.980994   -2.049239   -2.114629   -2.176646   -2.234476   -2.286915   -2.332712   -2.370834   -2.400246   -2.420032   -2.429917   -2.430243   -2.421692   
1.144490   1.082110   1.021913   0.963966   0.908200   0.853188   0.795699   0.734503   0.668273   0.594553   0.514620   0.429852   0.341207   0.249406   0.155023   0.058535   -0.039649   -0.139168   -0.239694   -0.340922   -0.442567   -0.544357   -0.646028   -0.747332   -0.848045   -0.947961   -1.046895   -1.144679   -1.241157   -1.336197   -1.429687   -1.521520   -1.611596   -1.699821   -1.786107   -1.870370   -1.952528   -2.032504   -2.110219   -2.185499   -2.257970   -2.327151   -2.392371   -2.452537   -2.506211   -2.552092   -2.589055   -2.615933   -2.631958   -2.637180   -2.632211   -2.617985   
1.166338   1.099517   1.034994   0.972899   0.913173   0.854440   0.793086   0.727837   0.657348   0.578701   0.493125   0.402203   0.307022   0.208395   0.106961   0.003251   -0.102281   -0.209235   -0.317249   -0.425988   -0.535139   -0.644400   -0.753486   -0.862128   -0.970087   -1.077144   -1.183101   -1.287776   -1.391007   -1.492663   -1.592621   -1.690768   -1.786994   -1.881198   -1.973284   -2.063159   -2.150737   -2.235933   -2.318645   -2.398605   -2.475357   -2.548331   -2.616633   -2.678867   -2.733425   -2.778969   -2.814236   -2.837995   -2.849763   -2.849923   -2.839348   -2.819249   
1.187767   1.116486   1.047546   0.981199   0.917412   0.854818   0.789448   0.719957   0.645003   0.561223   0.469769   0.372439   0.270458   0.164731   0.055968   -0.055244   -0.168405   -0.283076   -0.398859   -0.515387   -0.632316   -0.749318   -0.866081   -0.982322   -1.097782   -1.212228   -1.325450   -1.437252   -1.547472   -1.655972   -1.762621   -1.867294   -1.969875   -2.070254   -2.168326   -2.263994   -2.357160   -2.447733   -2.535566   -2.620290   -2.701372   -2.778114   -2.849333   -2.913342   -2.968431   -3.013205   -3.046223   -3.066333   -3.073412   -3.068167   -3.051728   -3.025596   
1.208695   1.133020   1.059585   0.988888   0.920940   0.854355   0.784814   0.710890   0.631269   0.542146   0.444572   0.340579   0.231530   0.118428   0.002057   -0.116939   -0.238013   -0.360683   -0.484516   -0.609110   -0.734092   -0.859103   -0.983809   -1.107908   -1.231124   -1.353210   -1.473938   -1.593106   -1.710551   -1.826124   -1.939684   -2.051097   -2.160237   -2.266987   -2.371233   -2.472869   -2.571790   -2.667893   -2.760963   -2.850531   -2.935985   -3.016434   -3.090371   -3.155853   -3.211124   -3.254671   -3.284899   -3.300887   -3.302900   -3.291955   -3.269423   -3.237131   
1.228953   1.149100   1.071125   0.995984   0.923780   0.853073   0.779207   0.700659   0.616173   0.521488   0.417551   0.306634   0.190248   0.069495   -0.054764   -0.181828   -0.311097   -0.442050   -0.574213   -0.707153   -0.840460   -0.973751   -1.106666   -1.238884   -1.370112   -1.500086   -1.628563   -1.755339   -1.880245   -2.003119   -2.123811   -2.242176   -2.358080   -2.471395   -2.582001   -2.689782   -2.794625   -2.896406   -2.994821   -3.089308   -3.179162   -3.263221   -3.339651   -3.406308   -3.461404   -3.503250   -3.530178   -3.541627   -3.538250   -3.521332   -3.492507   -3.453941   


# Torque coefficient

0.014734   0.015275   0.015815   0.016354   0.016893   0.017430   0.017967   0.018504   0.019040   0.019576   0.020111   0.020647   0.021183   0.021719   0.022255   0.022792   0.023330   0.023868   0.024408   0.024948   0.025491   0.026034   0.026580   0.027128   0.027677   0.028229   0.028784   0.029340   0.029900   0.030461   0.031025   0.031591   0.032159   0.032728   0.033298   0.033869   0.034439   0.035009   0.035577   0.036143   0.036706   0.037265   0.037820   0.038371   0.038916   0.039457   0.039990   0.040514   0.041029   0.041539   0.042047   0.042549   
0.018999   0.019802   0.020609   0.021420   0.022237   0.023057   0.023883   0.024713   0.025547   0.026385   0.027226   0.028071   0.028917   0.029764   0.030612   0.031459   0.032304   0.033146   0.033985   0.034820   0.035650   0.036475   0.037295   0.038108   0.038908   0.039696   0.040478   0.041255   0.042032   0.042808   0.043584   0.044359   0.045131   0.045906   0.046683   0.047456   0.048217   0.048959   0.049677   0.050361   0.051001   0.051592   0.052129   0.052607   0.053026   0.053382   0.053675   0.053907   0.054077   0.054188   0.054242   0.054239   
0.027968   0.029175   0.030376   0.031570   0.032757   0.033935   0.035105   0.036266   0.037418   0.038552   0.039661   0.040752   0.041833   0.042911   0.043990   0.045063   0.046136   0.047219   0.048318   0.049424   0.050524   0.051608   0.052664   0.053673   0.054625   0.055510   0.056324   0.057060   0.057716   0.058290   0.058783   0.059196   0.059530   0.059788   0.059971   0.060082   0.060120   0.060088   0.059984   0.059807   0.059557   0.059232   0.058830   0.058351   0.057793   0.057155   0.056436   0.055636   0.054755   0.053792   0.052748   0.051624   
0.040416   0.041856   0.043277   0.044691   0.046098   0.047503   0.048930   0.050394   0.051883   0.053382   0.054866   0.056308   0.057682   0.058975   0.060176   0.061278   0.062278   0.063173   0.063964   0.064653   0.065242   0.065732   0.066125   0.066423   0.066627   0.066738   0.066757   0.066683   0.066514   0.066250   0.065889   0.065430   0.064872   0.064214   0.063454   0.062592   0.061630   0.060567   0.059406   0.058149   0.056797   0.055354   0.053823   0.052208   0.050511   0.048738   0.046891   0.044975   0.042992   0.040947   0.038842   0.036681   
0.054151   0.056120   0.058069   0.059950   0.061732   0.063400   0.064941   0.066351   0.067627   0.068772   0.069788   0.070678   0.071444   0.072085   0.072605   0.073003   0.073282   0.073442   0.073484   0.073408   0.073214   0.072901   0.072467   0.071910   0.071230   0.070426   0.069498   0.068448   0.067278   0.065991   0.064590   0.063079   0.061463   0.059746   0.057934   0.056032   0.054045   0.051977   0.049833   0.047616   0.045331   0.042981   0.040569   0.038098   0.035571   0.032991   0.030360   0.027682   0.024958   0.022191   0.019386   0.016544   
0.069436   0.071134   0.072668   0.074043   0.075262   0.076328   0.077242   0.078004   0.078615   0.079077   0.079392   0.079562   0.079588   0.079470   0.079209   0.078803   0.078252   0.077555   0.076714   0.075729   0.074604   0.073342   0.071949   0.070430   0.068790   0.067034   0.065169   0.063199   0.061131   0.058968   0.056718   0.054384   0.051970   0.049482   0.046922   0.044294   0.041599   0.038840   0.036020   0.033140   0.030204   0.027212   0.024167   0.021071   0.017927   0.014737   0.011505   0.008238   0.004941   0.001623   -0.001706   -0.005036   
0.080529   0.081610   0.082510   0.083232   0.083776   0.084146   0.084343   0.084370   0.084229   0.083921   0.083451   0.082818   0.082028   0.081083   0.079988   0.078747   0.077364   0.075846   0.074198   0.072424   0.070530   0.068522   0.066403   0.064178   0.061853   0.059433   0.056921   0.054323   0.051642   0.048881   0.046044   0.043131   0.040146   0.037088   0.033961   0.030767   0.027505   0.024179   0.020790   0.017340   0.013831   0.010265   0.006647   0.002982   -0.000721   -0.004451   -0.008196   -0.011944   -0.015684   -0.019407   -0.023108   -0.026782   
0.086359   0.086747   0.086945   0.086960   0.086798   0.086467   0.085972   0.085318   0.084509   0.083547   0.082437   0.081181   0.079782   0.078243   0.076569   0.074763   0.072829   0.070771   0.068593   0.066298   0.063891   0.061375   0.058756   0.056038   0.053223   0.050317   0.047321   0.044238   0.041067   0.037812   0.034473   0.031051   0.027549   0.023967   0.020307   0.016570   0.012758   0.008873   0.004916   0.000894   -0.003188   -0.007319   -0.011483   -0.015666   -0.019853   -0.024031   -0.028192   -0.032328   -0.036436   -0.040512   -0.044553   -0.048555   
0.086303   0.086232   0.086003   0.085619   0.085082   0.084392   0.083548   0.082551   0.081400   0.080097   0.078643   0.077040   0.075290   0.073397   0.071363   0.069192   0.066886   0.064450   0.061888   0.059204   0.056403   0.053489   0.050466   0.047336   0.044101   0.040762   0.037321   0.033779   0.030136   0.026395   0.022556   0.018621   0.014591   0.010467   0.006251   0.001944   -0.002450   -0.006926   -0.011471   -0.016070   -0.020704   -0.025355   -0.030005   -0.034643   -0.039260   -0.043850   -0.048411   -0.052937   -0.057425   -0.061868   -0.066262   -0.070601   
0.082087   0.082085   0.081899   0.081527   0.080970   0.080229   0.079304   0.078197   0.076911   0.075447   0.073809   0.072000   0.070024   0.067884   0.065586   0.063132   0.060530   0.057782   0.054896   0.051875   0.048724   0.045445   0.042039   0.038508   0.034853   0.031077   0.027179   0.023162   0.019026   0.014773   0.010404   0.005920   0.001322   -0.003389   -0.008210   -0.013132   -0.018141   -0.023217   -0.028338   -0.033482   -0.038628   -0.043764   -0.048880   -0.053971   -0.059032   -0.064058   -0.069043   -0.073980   -0.078864   -0.083687   -0.088445   -0.093128   
0.075948   0.076326   0.076450   0.076314   0.075923   0.075285   0.074411   0.073307   0.071980   0.070438   0.068687   0.066732   0.064581   0.062240   0.059715   0.057014   0.054143   0.051108   0.047915   0.044566   0.041063   0.037409   0.033606   0.029655   0.025557   0.021315   0.016930   0.012402   0.007734   0.002926   -0.002023   -0.007110   -0.012333   -0.017685   -0.023151   -0.028708   -0.034330   -0.039990   -0.045663   -0.051334   -0.056990   -0.062624   -0.068232   -0.073806   -0.079338   -0.084823   -0.090251   -0.095617   -0.100910   -0.106124   -0.111247   -0.116267   
0.069134   0.069931   0.070461   0.070676   0.070559   0.070114   0.069360   0.068316   0.066996   0.065414   0.063579   0.061504   0.059198   0.056672   0.053935   0.050995   0.047860   0.044535   0.041024   0.037329   0.033454   0.029400   0.025171   0.020767   0.016192   0.011446   0.006531   0.001447   -0.003805   -0.009226   -0.014813   -0.020563   -0.026461   -0.032487   -0.038610   -0.044798   -0.051023   -0.057258   -0.063489   -0.069705   -0.075901   -0.082067   -0.088195   -0.094277   -0.100304   -0.106267   -0.112156   -0.117962   -0.123675   -0.129280   -0.134760   -0.140096   
0.062523   0.063543   0.064390   0.064952   0.065152   0.064953   0.064363   0.063409   0.062118   0.060511   0.058605   0.056418   0.053963   0.051254   0.048302   0.045117   0.041704   0.038068   0.034215   0.030148   0.025870   0.021384   0.016694   0.011800   0.006705   0.001409   -0.004087   -0.009783   -0.015679   -0.021773   -0.028057   -0.034515   -0.041115   -0.047824   -0.054605   -0.061424   -0.068256   -0.075085   -0.081902   -0.088699   -0.095465   -0.102190   -0.108865   -0.115478   -0.122019   -0.128477   -0.134841   -0.141098   -0.147230   -0.153218   -0.159039   -0.164667   
0.056442   0.057555   0.058567   0.059368   0.059845   0.059906   0.059504   0.058658   0.057406   0.055779   0.053805   0.051504   0.048896   0.045995   0.042815   0.039364   0.035649   0.031677   0.027453   0.022982   0.018268   0.013314   0.008122   0.002694   -0.002969   -0.008868   -0.015001   -0.021369   -0.027969   -0.034792   -0.041815   -0.049005   -0.056319   -0.063717   -0.071162   -0.078625   -0.086090   -0.093547   -0.100985   -0.108392   -0.115757   -0.123068   -0.130312   -0.137477   -0.144550   -0.151518   -0.158366   -0.165074   -0.171621   -0.177981   -0.184124   -0.190036   
0.050844   0.052018   0.053120   0.054073   0.054742   0.055022   0.054815   0.054085   0.052875   0.051228   0.049180   0.046758   0.043984   0.040875   0.037445   0.033703   0.029660   0.025322   0.020696   0.015788   0.010600   0.005137   -0.000601   -0.006612   -0.012897   -0.019453   -0.026281   -0.033379   -0.040737   -0.048329   -0.056116   -0.064053   -0.072092   -0.080191   -0.088318   -0.096455   -0.104589   -0.112707   -0.120796   -0.128843   -0.136833   -0.144753   -0.152588   -0.160323   -0.167944   -0.175433   -0.182770   -0.189930   -0.196885   -0.203603   -0.210068   -0.216291   
0.045643   0.046881   0.048043   0.049097   0.049905   0.050342   0.050303   0.049692   0.048521   0.046849   0.044717   0.042159   0.039200   0.035860   0.032155   0.028097   0.023696   0.018962   0.013901   0.008519   0.002818   -0.003200   -0.009531   -0.016177   -0.023134   -0.030404   -0.037983   -0.045864   -0.054020   -0.062408   -0.070979   -0.079678   -0.088458   -0.097279   -0.106120   -0.114966   -0.123802   -0.132612   -0.141382   -0.150095   -0.158735   -0.167286   -0.175731   -0.184054   -0.192236   -0.200254   -0.208083   -0.215693   -0.223048   -0.230128   -0.236942   -0.243520   
0.040767   0.042078   0.043296   0.044415   0.045334   0.045885   0.045969   0.045467   0.044329   0.042619   0.040389   0.037676   0.034511   0.030917   0.026912   0.022509   0.017722   0.012559   0.007027   0.001131   -0.005127   -0.011744   -0.018717   -0.026046   -0.033730   -0.041766   -0.050149   -0.058855   -0.067839   -0.077046   -0.086418   -0.095900   -0.105442   -0.115018   -0.124608   -0.134196   -0.143766   -0.153298   -0.162776   -0.172181   -0.181494   -0.190697   -0.199771   -0.208697   -0.217450   -0.226005   -0.234330   -0.242387   -0.250145   -0.257610   -0.264812   -0.271793   
0.036159   0.037550   0.038830   0.040000   0.041002   0.041644   0.041810   0.041392   0.040277   0.038514   0.036166   0.033279   0.029886   0.026014   0.021682   0.016907   0.011703   0.006076   0.000035   -0.006416   -0.013274   -0.020535   -0.028197   -0.036260   -0.044721   -0.053575   -0.062806   -0.072370   -0.082208   -0.092257   -0.102452   -0.112738   -0.123074   -0.133439   -0.143812   -0.154176   -0.164509   -0.174792   -0.185003   -0.195124   -0.205132   -0.215008   -0.224729   -0.234272   -0.243609   -0.252708   -0.261530   -0.270035   -0.278216   -0.286101   -0.293731   -0.301179   
0.031773   0.033250   0.034598   0.035817   0.036877   0.037593   0.037815   0.037446   0.036339   0.034506   0.032023   0.028940   0.025296   0.021121   0.016437   0.011260   0.005605   -0.000521   -0.007110   -0.014156   -0.021655   -0.029605   -0.038003   -0.046848   -0.056136   -0.065856   -0.075971   -0.086422   -0.097140   -0.108053   -0.119096   -0.130215   -0.141380   -0.152568   -0.163757   -0.174926   -0.186052   -0.197113   -0.208084   -0.218945   -0.229671   -0.240239   -0.250624   -0.260799   -0.270730   -0.280379   -0.289700   -0.298667   -0.307301   -0.315640   -0.323749   -0.331753   
0.027567   0.029139   0.030558   0.031828   0.032932   0.033704   0.033961   0.033608   0.032490   0.030571   0.027933   0.024634   0.020716   0.016213   0.011148   0.005539   -0.000601   -0.007261   -0.014435   -0.022115   -0.030298   -0.038981   -0.048160   -0.057835   -0.067998   -0.078624   -0.089656   -0.101022   -0.112645   -0.124449   -0.136367   -0.148352   -0.160380   -0.172424   -0.184461   -0.196466   -0.208413   -0.220278   -0.232035   -0.243659   -0.255124   -0.266404   -0.277470   -0.288291   -0.298827   -0.309031   -0.318859   -0.328314   -0.337430   -0.346263   -0.354922   -0.363587   
0.023511   0.025184   0.026678   0.027999   0.029138   0.029947   0.030221   0.029857   0.028710   0.026687   0.023874   0.020337   0.016123   0.011266   0.005792   -0.000281   -0.006938   -0.014168   -0.021963   -0.030317   -0.039225   -0.048683   -0.058690   -0.069242   -0.080324   -0.091891   -0.103870   -0.116179   -0.128734   -0.141455   -0.154279   -0.167166   -0.180090   -0.193023   -0.205939   -0.218809   -0.231606   -0.244302   -0.256869   -0.269280   -0.281505   -0.293516   -0.305281   -0.316761   -0.327911   -0.338676   -0.349031   -0.358999   -0.368629   -0.378007   -0.387310   -0.396734   
0.019577   0.021354   0.022926   0.024297   0.025465   0.026297   0.026572   0.026176   0.024977   0.022833   0.019826   0.016030   0.011496   0.006259   0.000346   -0.006221   -0.013427   -0.021261   -0.029715   -0.038780   -0.048453   -0.058731   -0.069610   -0.081084   -0.093124   -0.105664   -0.118620   -0.131901   -0.145416   -0.159084   -0.172847   -0.186670   -0.200523   -0.214377   -0.228202   -0.241966   -0.255641   -0.269195   -0.282597   -0.295817   -0.308825   -0.321587   -0.334066   -0.346219   -0.357991   -0.369329   -0.380233   -0.390742   -0.400922   -0.410918   -0.420969   -0.431234   
0.015743   0.017625   0.019276   0.020696   0.021887   0.022733   0.022991   0.022547   0.021275   0.018991   0.015772   0.011695   0.006815   0.001172   -0.005206   -0.012297   -0.020085   -0.028557   -0.037704   -0.047519   -0.057998   -0.069137   -0.080933   -0.093371   -0.106405   -0.119951   -0.133914   -0.148195   -0.162700   -0.177346   -0.192082   -0.206874   -0.221690   -0.236496   -0.251260   -0.265948   -0.280528   -0.294966   -0.309228   -0.323282   -0.337092   -0.350624   -0.363834   -0.376673   -0.389076   -0.401004   -0.412481   -0.423560   -0.434341   -0.445043   -0.455942   -0.467124   
0.011988   0.013975   0.015704   0.017174   0.018384   0.019232   0.019460   0.018953   0.017588   0.015147   0.011694   0.007314   0.002066   -0.004009   -0.010881   -0.018525   -0.026925   -0.036068   -0.045945   -0.056548   -0.067873   -0.079915   -0.092671   -0.106113   -0.120173   -0.134757   -0.149758   -0.165070   -0.180594   -0.196250   -0.211994   -0.227788   -0.243598   -0.259388   -0.275121   -0.290762   -0.306275   -0.321623   -0.336770   -0.351680   -0.366315   -0.380635   -0.394593   -0.408129   -0.421175   -0.433714   -0.445790   -0.457470   -0.468917   -0.480427   -0.492264   -0.504443   
0.008299   0.010387   0.012193   0.013710   0.014935   0.015778   0.015964   0.015379   0.013901   0.011284   0.007578   0.002874   -0.002766   -0.009298   -0.016690   -0.024916   -0.033960   -0.043807   -0.054448   -0.065876   -0.078086   -0.091075   -0.104831   -0.119314   -0.134435   -0.150087   -0.166157   -0.182531   -0.199104   -0.215805   -0.232589   -0.249419   -0.266256   -0.283060   -0.299793   -0.316416   -0.332890   -0.349174   -0.365230   -0.381019   -0.396500   -0.411628   -0.426349   -0.440592   -0.454296   -0.467470   -0.480170   -0.492496   -0.504688   -0.517108   -0.529965   -0.543230   
0.004662   0.006844   0.008725   0.010287   0.011525   0.012355   0.012488   0.011810   0.010201   0.007391   0.003412   -0.001637   -0.007692   -0.014706   -0.022644   -0.031481   -0.041199   -0.051783   -0.063224   -0.075514   -0.088649   -0.102624   -0.117421   -0.132979   -0.149193   -0.165947   -0.183116   -0.200582   -0.218237   -0.236015   -0.253875   -0.271773   -0.289668   -0.307519   -0.325282   -0.342915   -0.360377   -0.377624   -0.394613   -0.411304   -0.427652   -0.443606   -0.459105   -0.474068   -0.488449   -0.502282   -0.515634   -0.528660   -0.541688   -0.555116   -0.569077   -0.583521   
0.001075   0.003336   0.005287   0.006892   0.008140   0.008949   0.009020   0.008235   0.006478   0.003456   -0.000814   -0.006230   -0.012722   -0.020242   -0.028753   -0.038229   -0.048651   -0.060004   -0.072279   -0.085469   -0.099568   -0.114570   -0.130445   -0.147112   -0.164453   -0.182340   -0.200640   -0.219229   -0.237998   -0.256889   -0.275856   -0.294856   -0.313842   -0.332769   -0.351592   -0.370265   -0.388742   -0.406977   -0.424924   -0.442540   -0.459776   -0.476576   -0.492866   -0.508562   -0.523642   -0.538157   -0.552196   -0.565987   -0.579949   -0.594476   -0.609625   -0.625344   
-0.002456   -0.000148   0.001868   0.003512   0.004767   0.005548   0.005548   0.004641   0.002721   -0.000530   -0.005111   -0.010913   -0.017865   -0.025914   -0.035023   -0.045166   -0.056323   -0.068478   -0.081621   -0.095747   -0.110849   -0.126917   -0.143907   -0.161717   -0.180217   -0.199269   -0.218733   -0.238474   -0.258391   -0.278429   -0.298538   -0.318672   -0.338781   -0.358816   -0.378728   -0.398469   -0.417989   -0.437238   -0.456168   -0.474732   -0.492877   -0.510539   -0.527634   -0.544081   -0.559883   -0.575105   -0.589872   -0.604503   -0.619501   -0.635212   -0.651636   -0.668715   

